# Created by Octave 3.4.3, Thu Apr 12 15:13:54 2012 CEST <awebster@mpl-compy>
# name: xv
# type: matrix
# rows: 1
# columns: 1000
 -14.9 -14.6526006006006 -14.4052012012012 -14.1578018018018 -13.9104024024024 -13.663003003003 -13.4156036036036 -13.1682042042042 -12.9208048048048 -12.67340540540541 -12.42600600600601 -12.17860660660661 -11.93120720720721 -11.68380780780781 -11.43640840840841 -11.18900900900901 -10.94160960960961 -10.69421021021021 -10.44681081081081 -10.19941141141141 -9.952012012012013 -9.704612612612612 -9.457213213213212 -9.209813813813813 -8.962414414414415 -8.715015015015016 -8.467615615615616 -8.220216216216215 -7.972816816816817 -7.725417417417417 -7.478018018018018 -7.230618618618618 -6.983219219219219 -6.73581981981982 -6.48842042042042 -6.241021021021021 -5.993621621621621 -5.746222222222222 -5.498822822822822 -5.251423423423423 -5.004024024024023 -4.756624624624624 -4.509225225225224 -4.261825825825825 -4.014426426426425 -3.767027027027027 -3.519627627627626 -3.272228228228228 -3.024828828828829 -2.777429429429429 -2.53003003003003 -2.28263063063063 -2.035231231231231 -1.787831831831831 -1.540432432432432 -1.293033033033032 -1.045633633633633 -0.7982342342342328 -0.5508348348348342 -0.3034354354354338 -0.05603603603603524 0.1913633633633651 0.4387627627627637 0.6861621621621641 0.9335615615615627 1.180960960960961 1.42836036036036 1.675759759759762 1.923159159159161 2.170558558558559 2.417957957957958 2.66535735735736 2.912756756756758 3.160156156156157 3.407555555555556 3.654954954954958 3.902354354354356 4.149753753753755 4.397153153153154 4.644552552552556 4.891951951951954 5.139351351351353 5.386750750750751 5.63415015015015 5.881549549549552 6.128948948948951 6.376348348348349 6.623747747747748 6.87114714714715 7.118546546546549 7.365945945945947 7.613345345345346 7.860744744744748 8.108144144144147 8.355543543543545 8.602942942942944 8.850342342342342 9.097741741741745 9.345141141141143 9.592540540540542 9.83993993993994 10.08733933933934 10.33473873873874 10.58213813813814 10.82953753753754 11.07693693693694 11.32433633633634 11.57173573573574 11.81913513513514 12.06653453453454 12.31393393393394 12.56133333333334 12.80873273273273 13.05613213213213 13.30353153153153 13.55093093093093 13.79833033033033 14.04572972972973 14.29312912912913 14.54052852852853 14.78792792792793 15.03532732732733 15.28272672672673 15.53012612612613 15.77752552552553 16.02492492492492 16.27232432432433 16.51972372372373 16.76712312312313 17.01452252252253 17.26192192192192 17.50932132132132 17.75672072072072 18.00412012012013 18.25151951951953 18.49891891891892 18.74631831831832 18.99371771771772 19.24111711711712 19.48851651651652 19.73591591591592 19.98331531531532 20.23071471471472 20.47811411411412 20.72551351351352 20.97291291291292 21.22031231231232 21.46771171171171 21.71511111111111 21.96251051051051 22.20990990990992 22.45730930930932 22.70470870870871 22.95210810810811 23.19950750750751 23.44690690690691 23.69430630630631 23.94170570570571 24.18910510510511 24.43650450450451 24.68390390390391 24.93130330330331 25.17870270270271 25.42610210210211 25.67350150150151 25.9209009009009 26.1683003003003 26.41569969969971 26.66309909909911 26.91049849849851 27.1578978978979 27.4052972972973 27.6526966966967 27.9000960960961 28.1474954954955 28.3948948948949 28.6422942942943 28.8896936936937 29.1370930930931 29.3844924924925 29.6318918918919 29.8792912912913 30.12669069069069 30.37409009009009 30.6214894894895 30.8688888888889 31.1162882882883 31.36368768768769 31.61108708708709 31.85848648648649 32.10588588588589 32.35328528528529 32.60068468468469 32.84808408408409 33.09548348348349 33.34288288288289 33.59028228228229 33.83768168168169 34.08508108108109 34.33248048048048 34.57987987987988 34.82727927927929 35.07467867867869 35.32207807807809 35.56947747747748 35.81687687687688 36.06427627627628 36.31167567567568 36.55907507507508 36.80647447447448 37.05387387387388 37.30127327327328 37.54867267267268 37.79607207207208 38.04347147147148 38.29087087087088 38.53827027027027 38.78566966966967 39.03306906906908 39.28046846846848 39.52786786786788 39.77526726726727 40.02266666666667 40.27006606606607 40.51746546546547 40.76486486486487 41.01226426426427 41.25966366366367 41.50706306306307 41.75446246246247 42.00186186186187 42.24926126126127 42.49666066066067 42.74406006006006 42.99145945945946 43.23885885885887 43.48625825825827 43.73365765765767 43.98105705705706 44.22845645645646 44.47585585585586 44.72325525525526 44.97065465465466 45.21805405405406 45.46545345345346 45.71285285285286 45.96025225225226 46.20765165165166 46.45505105105106 46.70245045045046 46.94984984984985 47.19724924924925 47.44464864864866 47.69204804804806 47.93944744744746 48.18684684684685 48.43424624624625 48.68164564564565 48.92904504504505 49.17644444444445 49.42384384384385 49.67124324324325 49.91864264264265 50.16604204204204 50.41344144144144 50.66084084084086 50.90824024024025 51.15563963963965 51.40303903903905 51.65043843843845 51.89783783783785 52.14523723723725 52.39263663663665 52.64003603603604 52.88743543543544 53.13483483483484 53.38223423423424 53.62963363363364 53.87703303303304 54.12443243243244 54.37183183183183 54.61923123123123 54.86663063063065 55.11403003003004 55.36142942942944 55.60882882882884 55.85622822822824 56.10362762762764 56.35102702702704 56.59842642642644 56.84582582582583 57.09322522522523 57.34062462462463 57.58802402402403 57.83542342342343 58.08282282282283 58.33022222222223 58.57762162162162 58.82502102102102 59.07242042042044 59.31981981981983 59.56721921921923 59.81461861861863 60.06201801801803 60.30941741741743 60.55681681681683 60.80421621621623 61.05161561561562 61.29901501501502 61.54641441441442 61.79381381381382 62.04121321321322 62.28861261261262 62.53601201201202 62.78341141141141 63.03081081081081 63.27821021021023 63.52560960960962 63.77300900900902 64.02040840840841 64.26780780780781 64.51520720720721 64.76260660660661 65.01000600600601 65.25740540540541 65.50480480480481 65.7522042042042 65.9996036036036 66.247003003003 66.4944024024024 66.7418018018018 66.9892012012012 67.2366006006006 67.48400000000001 67.73139939939941 67.97879879879881 68.2261981981982 68.4735975975976 68.720996996997 68.9683963963964 69.2157957957958 69.4631951951952 69.7105945945946 69.95799399399399 70.20539339339339 70.45279279279279 70.70019219219219 70.94759159159159 71.19499099099099 71.44239039039039 71.6897897897898 71.9371891891892 72.1845885885886 72.43198798798799 72.67938738738739 72.92678678678679 73.17418618618619 73.42158558558559 73.66898498498499 73.91638438438439 74.16378378378378 74.41118318318318 74.65858258258258 74.90598198198198 75.15338138138138 75.40078078078078 75.64818018018018 75.89557957957959 76.14297897897899 76.39037837837839 76.63777777777779 76.88517717717718 77.13257657657658 77.37997597597598 77.62737537537538 77.87477477477478 78.12217417417418 78.36957357357358 78.61697297297297 78.86437237237237 79.11177177177177 79.35917117117117 79.60657057057057 79.85396996996997 80.10136936936937 80.34876876876878 80.59616816816818 80.84356756756758 81.09096696696697 81.33836636636637 81.58576576576577 81.83316516516517 82.08056456456457 82.32796396396397 82.57536336336337 82.82276276276276 83.07016216216216 83.31756156156156 83.56496096096096 83.81236036036036 84.05975975975976 84.30715915915916 84.55455855855857 84.80195795795797 85.04935735735737 85.29675675675676 85.54415615615616 85.79155555555556 86.03895495495496 86.28635435435436 86.53375375375376 86.78115315315316 87.02855255255255 87.27595195195195 87.52335135135135 87.77075075075075 88.01815015015015 88.26554954954955 88.51294894894895 88.76034834834836 89.00774774774776 89.25514714714716 89.50254654654655 89.74994594594595 89.99734534534535 90.24474474474475 90.49214414414415 90.73954354354355 90.98694294294295 91.23434234234234 91.48174174174174 91.72914114114114 91.97654054054054 92.22393993993994 92.47133933933934 92.71873873873874 92.96613813813815 